00110000100011000010
01011110100
10100001011
10100001011
001000010011110000
1111111110111111
000010010101000000000000000000
11111110111111000
11110111110000000
0111010010110000000
0010000000000
101000111110011110001111
010000000000000
1010000001110
1111111011111111111111111
1011011011000000
0111111111111111111111111
000010001000000001000000001
010111101111111000000
000000000000000111000111000
000010010010
0101001000
0001001001
10000000000
0110101101
1000000000
1010101101
1110000000000
0010010001
1111110000000000000000000000000
